True random [1, 66]
created model obj
added agents
34877
set random networks
88.69489622116089
set family
55.68964505195618
time to initialize model (s):
144.38454127311707
{0: [32, 29, 28, 20, 39, 46, 77, 65, 83, 126], 1: [36, 26, 33, 35, 70, 72, 95, 59, 48, 52], 2: [13, 7, 8, 6, 12, 21, 31, 21, 11, 8], 3: [12, 11, 12, 12, 19, 26, 38, 29, 41, 25], 4: [33, 18, 16, 13, 26, 28, 48, 16, 28, 15], 5: [21, 11, 18, 14, 29, 40, 43, 41, 28, 18], 6: [39, 32, 41, 31, 68, 84, 123, 76, 74, 36], 7: [51, 31, 33, 36, 75, 104, 149, 92, 82, 57], 8: [8, 13, 10, 3, 20, 37, 44, 33, 61, 60], 9: [173, 111, 81, 103, 177, 255, 326, 212, 287, 208], 10: [58, 40, 35, 29, 51, 87, 82, 51, 60, 41], 11: [30, 45, 61, 53, 120, 135, 148, 91, 98, 77], 12: [11, 11, 7, 17, 20, 25, 31, 31, 29, 24], 13: [23, 10, 25, 16, 26, 45, 42, 25, 24, 20], 14: [27, 18, 11, 15, 27, 35, 45, 29, 32, 27], 15: [31, 18, 17, 18, 23, 17, 28, 24, 37, 50], 16: [14, 15, 10, 7, 25, 27, 37, 25, 22, 22], 17: [9, 4, 3, 6, 6, 13, 24, 10, 19, 17], 18: [30, 14, 22, 18, 41, 43, 67, 33, 36, 26], 19: [14, 8, 14, 14, 17, 35, 46, 35, 32, 22], 20: [21, 18, 16, 17, 33, 44, 40, 27, 25, 14], 21: [31, 23, 22, 19, 46, 51, 73, 46, 51, 18], 22: [29, 13, 11, 10, 26, 39, 41, 34, 37, 37], 23: [10, 3, 5, 4, 9, 20, 20, 15, 26, 11], 24: [44, 29, 27, 19, 47, 62, 95, 70, 48, 27], 25: [17, 12, 27, 17, 29, 40, 52, 36, 35, 24], 26: [45, 22, 18, 18, 21, 46, 56, 43, 38, 61], 27: [15, 15, 10, 15, 28, 27, 33, 20, 13, 20], 28: [24, 25, 14, 10, 34, 43, 63, 43, 37, 34], 29: [107, 69, 82, 85, 146, 197, 245, 174, 169, 160], 30: [29, 17, 24, 17, 35, 66, 74, 78, 67, 74], 31: [42, 25, 22, 29, 47, 61, 80, 58, 67, 40], 32: [14, 14, 11, 13, 25, 33, 38, 22, 41, 32], 33: [31, 18, 17, 11, 23, 37, 51, 36, 31, 16], 34: [31, 18, 15, 28, 42, 42, 43, 32, 28, 26], 35: [20, 20, 14, 9, 32, 32, 46, 35, 32, 15], 36: [44, 29, 33, 29, 77, 92, 127, 97, 136, 138], 37: [11, 2, 7, 10, 18, 14, 15, 16, 13, 9], 38: [205, 188, 179, 183, 288, 418, 536, 365, 414, 454], 39: [6, 7, 6, 9, 6, 21, 25, 13, 7, 5], 40: [16, 6, 9, 10, 15, 26, 39, 30, 19, 8], 41: [88, 71, 59, 74, 151, 214, 260, 176, 189, 129], 42: [30, 21, 25, 22, 45, 70, 79, 35, 21, 12], 43: [28, 13, 18, 19, 34, 54, 59, 39, 60, 42], 44: [92, 58, 57, 56, 81, 104, 154, 70, 94, 62], 45: [35, 25, 29, 19, 39, 56, 73, 50, 37, 16], 46: [23, 20, 10, 18, 28, 37, 64, 35, 45, 25], 47: [76, 39, 49, 33, 54, 46, 89, 73, 95, 182], 48: [10, 9, 6, 6, 12, 20, 27, 12, 11, 10], 49: [17, 8, 14, 15, 35, 43, 55, 37, 37, 24], 50: [38, 39, 33, 28, 64, 108, 180, 149, 167, 189], 51: [43, 60, 53, 57, 97, 146, 143, 77, 90, 62], 52: [17, 15, 2, 17, 16, 21, 25, 13, 11, 11], 53: [81, 43, 44, 45, 73, 63, 106, 52, 43, 30], 54: [39, 27, 22, 29, 40, 61, 49, 45, 43, 29], 55: [34, 15, 17, 26, 38, 63, 83, 51, 42, 32], 56: [13, 7, 13, 13, 20, 32, 34, 29, 20, 24], 57: [31, 27, 38, 43, 72, 85, 114, 97, 109, 67], 58: [35, 30, 30, 28, 49, 69, 99, 64, 67, 46], 59: [75, 44, 46, 41, 109, 127, 178, 132, 165, 159], 60: [24, 13, 12, 16, 24, 28, 49, 36, 67, 76], 61: [8, 20, 11, 14, 20, 32, 31, 27, 29, 23], 62: [28, 25, 13, 27, 30, 29, 82, 75, 110, 190], 63: [17, 10, 7, 6, 17, 27, 50, 38, 13, 7], 64: [35, 34, 18, 29, 33, 49, 51, 20, 49, 25], 65: [27, 14, 18, 15, 29, 59, 72, 57, 61, 51], 66: [43, 17, 12, 15, 23, 26, 43, 38, 32, 39], 67: [35, 28, 28, 31, 58, 89, 139, 94, 86, 71], 68: [21, 11, 14, 21, 41, 58, 81, 48, 56, 60], 69: [17, 12, 13, 13, 26, 40, 46, 31, 23, 20], 70: [8, 3, 7, 5, 16, 15, 28, 29, 31, 22], 71: [16, 14, 13, 14, 35, 45, 68, 45, 54, 44], 72: [80, 49, 42, 35, 73, 92, 103, 80, 69, 47], 73: [5, 6, 7, 7, 3, 8, 12, 4, 10, 5]}
step 0
9.858152389526367
step 1
9.935247659683228
step 2
10.08056640625
step 3
9.77071237564087
step 4
10.071296453475952
step 5
11.771610975265503
step 6
10.407519578933716
step 7
