True income_age [0, 90, 270] True
created model obj
added agents
34877
set income_age networks
1159.4375834465027
set family
58.285489559173584
time to initialize model (s):
1217.7230730056763
{0: [17, 20, 28, 24, 31, 69, 96, 65, 92, 103], 1: [39, 33, 32, 22, 64, 57, 93, 86, 53, 47], 2: [5, 7, 12, 8, 12, 24, 29, 18, 14, 9], 3: [17, 4, 5, 10, 24, 23, 49, 28, 44, 21], 4: [45, 17, 16, 14, 24, 33, 36, 24, 22, 10], 5: [18, 13, 22, 22, 27, 35, 44, 42, 18, 22], 6: [46, 37, 38, 22, 57, 97, 124, 73, 64, 46], 7: [44, 29, 30, 43, 84, 92, 148, 90, 93, 57], 8: [9, 4, 6, 6, 19, 31, 55, 45, 58, 56], 9: [169, 100, 91, 95, 196, 241, 355, 203, 246, 237], 10: [50, 38, 31, 35, 58, 87, 78, 50, 57, 50], 11: [59, 48, 45, 40, 104, 131, 151, 99, 102, 79], 12: [11, 7, 6, 6, 22, 30, 34, 29, 33, 28], 13: [21, 13, 15, 14, 28, 38, 37, 29, 30, 31], 14: [20, 15, 14, 16, 36, 28, 39, 37, 36, 25], 15: [25, 12, 9, 8, 18, 24, 46, 28, 38, 55], 16: [14, 17, 8, 10, 25, 22, 23, 33, 31, 21], 17: [10, 7, 9, 5, 9, 19, 15, 11, 13, 13], 18: [29, 24, 20, 20, 33, 55, 62, 33, 30, 24], 19: [14, 15, 14, 13, 23, 35, 50, 23, 30, 20], 20: [31, 14, 15, 14, 39, 45, 43, 22, 22, 10], 21: [35, 18, 30, 15, 36, 42, 78, 36, 63, 27], 22: [32, 11, 3, 18, 26, 39, 39, 15, 40, 54], 23: [18, 10, 6, 6, 8, 7, 22, 13, 23, 10], 24: [51, 21, 25, 24, 39, 75, 87, 47, 60, 39], 25: [31, 21, 12, 12, 33, 53, 43, 36, 34, 14], 26: [40, 24, 13, 11, 28, 44, 63, 35, 53, 57], 27: [12, 11, 11, 14, 25, 34, 34, 19, 24, 12], 28: [37, 16, 16, 16, 32, 39, 52, 48, 42, 29], 29: [77, 75, 67, 81, 169, 186, 240, 178, 204, 157], 30: [21, 22, 23, 26, 45, 63, 75, 63, 74, 69], 31: [32, 23, 27, 23, 42, 72, 90, 62, 50, 50], 32: [20, 11, 15, 12, 20, 21, 37, 27, 41, 39], 33: [35, 11, 13, 16, 28, 49, 54, 27, 26, 12], 34: [31, 15, 17, 27, 29, 39, 45, 36, 45, 21], 35: [16, 17, 13, 9, 34, 34, 49, 33, 23, 27], 36: [46, 27, 27, 28, 56, 79, 138, 104, 153, 144], 37: [13, 7, 5, 6, 11, 16, 21, 19, 10, 7], 38: [209, 212, 182, 153, 300, 402, 530, 395, 447, 400], 39: [7, 8, 6, 4, 9, 20, 19, 11, 14, 7], 40: [25, 8, 14, 7, 20, 34, 27, 19, 15, 9], 41: [106, 57, 59, 84, 153, 209, 237, 180, 213, 113], 42: [34, 23, 19, 26, 50, 66, 47, 46, 32, 17], 43: [30, 11, 15, 23, 39, 57, 63, 39, 51, 38], 44: [77, 61, 60, 52, 102, 121, 128, 102, 70, 55], 45: [29, 21, 29, 33, 45, 60, 70, 34, 39, 19], 46: [23, 21, 18, 24, 28, 37, 59, 33, 38, 24], 47: [71, 46, 24, 24, 58, 73, 90, 77, 90, 183], 48: [10, 14, 7, 7, 8, 16, 15, 24, 18, 4], 49: [30, 11, 16, 16, 31, 44, 42, 33, 33, 29], 50: [47, 33, 34, 38, 78, 101, 164, 133, 178, 189], 51: [83, 63, 64, 44, 83, 106, 141, 83, 91, 70], 52: [19, 11, 17, 15, 14, 17, 25, 10, 11, 9], 53: [86, 51, 41, 32, 73, 90, 59, 53, 51, 44], 54: [27, 20, 20, 33, 48, 58, 70, 42, 41, 25], 55: [19, 25, 26, 39, 53, 52, 72, 42, 41, 32], 56: [14, 8, 10, 16, 26, 29, 29, 25, 32, 16], 57: [38, 33, 36, 39, 71, 97, 104, 87, 112, 66], 58: [20, 33, 29, 28, 60, 73, 98, 67, 71, 38], 59: [57, 48, 47, 47, 95, 159, 178, 143, 168, 134], 60: [23, 18, 14, 18, 24, 30, 38, 34, 70, 76], 61: [10, 16, 12, 14, 24, 27, 39, 22, 32, 19], 62: [20, 15, 14, 20, 41, 66, 71, 69, 124, 169], 63: [17, 9, 11, 10, 25, 24, 42, 19, 29, 6], 64: [25, 25, 24, 19, 34, 54, 68, 30, 35, 29], 65: [24, 17, 20, 19, 32, 49, 75, 67, 58, 42], 66: [34, 19, 16, 12, 21, 39, 53, 27, 37, 30], 67: [34, 30, 27, 28, 72, 79, 137, 77, 103, 72], 68: [33, 14, 19, 24, 42, 56, 76, 39, 57, 51], 69: [12, 17, 15, 14, 27, 33, 48, 23, 39, 13], 70: [7, 4, 3, 2, 9, 19, 39, 24, 29, 28], 71: [15, 9, 19, 13, 25, 49, 76, 50, 51, 41], 72: [71, 53, 43, 47, 65, 104, 111, 66, 78, 32], 73: [9, 7, 5, 3, 7, 8, 8, 5, 13, 2]}
step 0
